0.238337 -0.958627 -0.155664 0.114822 -0.92596 -0.17596 -0.334119 -0.316993 0.292905 0.223771 -0.929588 1.22148
-0.0298552 0.516886 0.855533 0.0748097 -0.0911727 -0.853755 0.51263 -0.301504 0.995387 -0.0626967 0.0726149 1.25306
0.252992 -0.954788 -0.156126 0.113685 -0.922715 -0.189612 -0.335626 -0.319146 0.290849 0.22897 -0.928967 1.22114
-0.207604 0.0858681 0.974437 0.114008 -0.220586 -0.974592 0.0388857 -0.300483 0.953017 -0.206875 0.221271 1.23118
0.535883 0.139457 -0.832695 0.0438764 0.0960833 0.969783 0.224251 -0.304023 0.838806 -0.200181 0.506291 1.24207
0.00652456 -0.0763613 -0.997059 0.0885861 0.0559966 0.995543 -0.0758788 -0.327971 0.99841 -0.0553369 0.0107714 1.2323
-0.00012232 -0.148275 -0.988946 0.276204 -0.366136 0.920281 -0.137935 -0.372191 0.930561 0.362071 -0.0544015 1.25275
-0.439594 -0.189546 -0.87797 -0.0718813 -0.442372 0.896396 0.0279691 -0.266634 0.781706 0.400684 -0.477899 1.28846
-0.247741 0.0951344 0.964144 0.110208 -0.46195 0.863156 -0.20387 -0.334168 -0.851602 -0.495894 -0.169892 1.26165
-0.0907322 0.296707 0.950649 0.0886132 -0.272194 -0.925627 0.262918 -0.293737 0.957955 -0.234906 0.164746 1.23513
-0.114311 -0.594552 -0.79589 0.0758684 0.972318 -0.231298 0.0331359 -0.323709 -0.203789 -0.77007 0.604534 1.22489
-0.102568 -0.905349 -0.412097 0.0839127 0.775639 -0.332169 0.536702 -0.31853 -0.622788 -0.26459 0.736293 1.22652
0.586762 -0.770858 -0.24797 0.0678151 -0.774679 -0.445218 -0.449058 -0.319312 0.235759 0.455588 -0.858405 1.22443
0.368171 -0.906103 0.208392 0.127971 -0.425824 0.0349168 0.904132 -0.306979 -0.826513 -0.421614 -0.372985 1.23584
0.925423 0.249344 -0.285341 0.104417 0.123822 0.512693 0.849596 -0.342924 0.358134 -0.821567 0.443584 1.23586
-0.331027 0.914428 -0.2329 0.147227 -0.865212 -0.392635 -0.311841 -0.312773 -0.376601 0.0982802 0.921147 1.25301
-0.471842 0.213136 0.855533 0.0985406 -0.353638 0.843119 -0.405081 -0.339822 -0.807654 -0.493683 -0.322446 1.25223
0.243584 -0.959292 -0.142923 0.115656 -0.91851 -0.180842 -0.351618 -0.318094 0.311458 0.216924 -0.925169 1.22116
0.234011 -0.872016 0.429914 0.105028 -0.764018 0.108527 0.636002 -0.327892 -0.601261 -0.477294 -0.64084 1.27813
0.597036 0.53792 -0.595138 0.118501 0.735957 -0.072046 0.673184 -0.291282 0.319242 -0.839911 -0.4389 1.2299
0.146083 -0.870387 -0.470199 0.110896 0.0781862 -0.463653 0.882561 -0.304244 -0.986178 -0.16569 0.000320643 1.23011
0.166752 -0.203503 0.964769 0.07023 -0.669884 0.694591 0.262296 -0.320859 -0.723498 -0.690022 -0.0204986 1.25062
-0.0215947 -0.0371091 -0.999078 0.117243 -0.581014 0.813702 -0.0176652 -0.334534 0.813607 0.580097 -0.0391326 1.22861
0.142674 0.0609188 0.987893 0.0698295 -0.704963 0.70685 0.0582245 -0.320445 -0.694745 -0.704736 0.143795 1.24417
0.814058 -0.0403492 -0.57938 -6.31722 0.0833572 0.995373 0.0478012 -25.6657 0.57477 -0.0872085 0.813655 -13.2018
-0.547809 -0.630379 0.550025 0.101823 -0.260747 0.753352 0.603715 -0.353266 -0.794932 0.187303 -0.577063 1.2534
0.923438 0.37954 -0.056673 0.0813673 0.266897 -0.741323 -0.615797 -0.292992 -0.275733 0.553525 -0.785863 1.21261
0.812257 -0.579429 0.0670921 0.228291 0.254376 0.45538 0.853184 -0.396471 -0.524912 -0.675937 0.517278 1.25744
-0.563945 -0.674728 0.476139 -0.0476726 -0.741035 0.159003 -0.652369 -0.0871933 0.364464 -0.720736 -0.589666 1.07595
0.241425 -0.960161 -0.140726 0.115414 -0.917882 -0.178872 -0.354256 -0.317736 0.314971 0.214696 -0.924499 1.22124
-0.143263 0.709272 0.690224 0.0845786 -0.846904 0.272999 -0.456317 -0.324088 -0.512083 -0.649927 0.561575 1.25914
0.266113 -0.951024 -0.157282 0.11357 -0.923064 -0.204402 -0.32584 -0.319906 0.277733 0.231892 -0.93225 1.22118
0.297074 -0.025122 0.954524 0.138006 -0.889552 0.356053 0.286224 -0.296002 -0.347051 -0.934128 0.0834268 1.21999
0.0393659 0.892075 0.450169 -2.83624 0.983957 0.0438466 -0.172933 -0.360078 -0.174007 0.449755 -0.876038 -1.40998
0.311336 -0.275979 0.909343 0.0732826 -0.650234 0.63596 0.415633 -0.318479 -0.693012 -0.720688 0.0185467 1.24659
-0.13125 0.434965 0.890831 0.108837 -0.00405794 -0.898832 0.438273 -0.263352 0.991341 0.0539087 0.119737 1.21254
0.276327 -0.363599 -0.889629 0.106549 0.877129 0.473743 0.0788213 -0.314563 0.392796 -0.802099 0.449831 1.25356
0.0936407 -0.177802 0.979601 0.128391 -0.582452 0.788196 0.198738 -0.300942 -0.807454 -0.58918 -0.029754 1.21899
0.894574 0.446902 -0.00404042 0.111139 -0.105669 0.202718 -0.973519 -0.342715 -0.434249 0.871311 0.22857 1.23553
0.860203 -0.219141 -0.460464 0.108203 -0.493663 -0.584237 -0.644176 -0.304406 -0.127855 0.781437 -0.610745 1.20373
0.330585 0.7567 0.56402 0.0696235 0.00589444 -0.599264 0.80053 -0.294181 0.943758 -0.261319 -0.202568 1.2467
0.124196 -0.990264 0.062866 0.141913 0.257991 0.093404 0.961622 -0.33668 -0.958132 -0.103211 0.26708 1.23847
-0.197826 -0.287733 -0.937056 -0.623925 -0.320742 -0.884325 0.339254 -0.140554 -0.926277 0.367667 0.0826541 1.22139
-0.158523 -0.949418 0.271065 0.0961641 -0.629916 0.308656 0.712697 -0.260151 -0.760313 -0.0577696 -0.646983 1.17876
-0.345735 0.838238 0.421691 0.141376 -0.884609 -0.441053 0.151455 -0.308543 0.312944 -0.320669 0.894001 1.2218
