0.440866 0.896653 -0.0406292 0.106164 0.789019 -0.408728 -0.458683 -0.0870808 -0.427886 0.17016 -0.887671 1.03363
-0.556148 -0.0293264 0.830566 0.0951685 -0.814133 -0.181589 -0.551556 -0.0658843 0.166997 -0.982937 0.0771149 1.08826
0.189663 0.177974 0.965584 0.102966 0.956271 0.189525 -0.222767 -0.0370441 -0.222649 0.965612 -0.134245 1.08857
0.638438 0.219356 -0.737753 0.133017 0.659994 -0.649174 0.378128 -0.0618059 -0.395986 -0.728324 -0.559231 1.10623
0.585863 -0.335939 -0.737502 0.171534 0.529565 -0.530172 0.662177 -0.0970811 -0.613454 -0.7785 -0.132706 1.08652
-0.295494 -0.6934 -0.657176 0.105985 -0.660779 0.645153 -0.3836 -0.0594696 0.689967 0.320896 -0.648823 1.01529
-0.587474 -0.0978459 0.803306 0.122924 -0.71972 -0.390653 -0.573929 -0.0486023 0.36997 -0.915323 0.159077 1.08763
-0.550103 -0.0453834 0.833863 0.094883 -0.819045 -0.165513 -0.549336 -0.0658519 0.162946 -0.985163 0.0538784 1.08813
0.591902 -0.371536 -0.715271 0.167534 0.517456 -0.505228 0.690639 -0.0990225 -0.617973 -0.778913 -0.106792 1.08663
-0.15605 0.0989576 -0.98278 0.174209 -0.835258 0.517883 0.184772 -0.0519962 0.52725 0.849708 0.00183959 1.07941
0.440165 0.896835 -0.0440745 0.105634 0.783607 -0.407633 -0.468825 -0.0879777 -0.438424 0.171823 -0.882191 1.03448
0.440141 0.896962 -0.0416477 0.105922 0.787921 -0.408048 -0.46117 -0.0872934 -0.430646 0.170165 -0.886334 1.03387
-0.660085 -0.0499822 0.749526 0.0675092 -0.588657 -0.585431 -0.557452 -0.0182073 0.466658 -0.80918 0.357012 1.0613
-0.841866 -0.214373 0.495282 0.134982 -0.383275 -0.408606 -0.828336 -0.0974702 0.379949 -0.887178 0.261827 1.1058
0.521987 -0.240846 -0.818244 0.164158 0.657994 -0.496718 0.565964 -0.0851634 -0.542746 -0.833825 -0.100805 1.08648
0.208286 0.150982 0.966344 0.104923 0.958478 0.165244 -0.232409 -0.0433898 -0.194772 0.974628 -0.110294 1.09155
0.894893 0.43491 0.100091 0.154534 -0.114028 0.439662 -0.890895 -0.0621133 -0.431466 0.785843 0.443043 1.07627
-0.165389 0.0478595 -0.985066 0.10893 -0.800211 0.577311 0.162401 -0.0338404 0.576462 0.81512 -0.0571834 1.08797
-0.0702551 0.118801 -0.990429 0.163503 -0.783236 0.608294 0.128522 -0.0922598 0.617741 0.78477 0.0503135 1.11012
-0.557597 0.0722614 0.826961 0.143874 -0.777625 -0.394084 -0.489896 -0.00861894 0.290492 -0.916229 0.275933 1.05193
-0.658785 -0.193891 0.726917 0.130347 -0.638934 -0.365928 -0.676653 -0.0447165 0.397196 -0.910221 0.117185 1.08827
0.625055 -0.338936 -0.703157 0.169557 0.532623 -0.473333 0.701619 -0.103604 -0.570631 -0.813067 -0.115334 1.08807
-0.981144 0.129743 0.143262 -0.501003 0.0265489 0.824656 -0.565012 -0.315482 -0.191448 -0.550554 -0.81255 1.21901
0.595735 -0.334521 -0.730202 0.170083 0.556385 -0.48379 0.675561 -0.100239 -0.579254 -0.80873 -0.102088 1.08647
-0.663485 -0.0663803 0.74524 0.0694687 -0.571301 -0.598222 -0.561912 -0.017903 0.483119 -0.798576 0.358988 1.06098
0.522794 0.302533 -0.79697 -0.31534 0.110369 0.903016 0.415188 -0.346363 0.845284 -0.305018 0.438701 1.1813
0.718788 0.0878944 -0.689651 -0.354914 0.0752549 0.976311 0.202863 -0.317348 0.691144 -0.197715 0.695146 1.17257
-0.520717 -0.846102 0.113867 0.116154 -0.660005 0.314361 -0.682327 -0.0403624 0.541523 -0.430452 -0.722125 0.999929
-0.446082 -0.191639 0.874234 -0.512927 -0.381521 0.924326 0.007947 -0.311838 -0.809601 -0.329993 -0.48544 1.22813
0.166902 0.152834 0.974056 0.106009 0.964605 0.179246 -0.193407 -0.0405574 -0.204155 0.97186 -0.117508 1.08987
0.513043 0.132294 -0.848106 0.0912853 0.746973 -0.555571 0.365203 -0.0601555 -0.422869 -0.820877 -0.383852 1.06735
0.95622 0.290254 -0.037351 -0.479366 0.231097 -0.827233 -0.512131 -0.299541 -0.179546 0.481079 -0.858094 1.21412
0.44019 0.896959 -0.0412026 0.105961 0.788231 -0.407993 -0.460689 -0.0872389 -0.43003 0.170314 -0.886605 1.03381
0.431893 0.115399 0.894512 -0.484508 0.431101 -0.897565 -0.0923533 -0.31489 0.792225 0.425511 -0.4374 1.24604
-0.403199 0.0611962 0.913064 -0.454077 -0.414449 0.877357 -0.241819 -0.31714 -0.815881 -0.47592 -0.328386 1.22237
0.599414 0.375368 -0.706966 -0.349571 0.0696787 0.855401 0.513259 -0.341566 0.7974 -0.356915 0.486584 1.17747
-0.762207 0.132517 0.633626 -0.477641 -0.244195 0.847646 -0.471026 -0.318764 -0.599509 -0.513748 -0.613721 1.20959
-0.537981 0.505657 0.674453 -0.132275 0.201533 -0.699747 0.685375 -0.324921 0.818511 0.504643 0.274544 1.14236
-0.28529 0.256872 -0.923378 0.18208 -0.763344 0.521694 0.380974 -0.0684291 0.579583 0.813543 0.0472476 1.077
-0.0441075 0.257163 -0.965361 -0.422393 -0.861403 0.479638 0.167129 -0.275082 0.506003 0.838937 0.200366 1.27035
0.0747405 -0.750814 -0.656272 -0.320186 -0.750592 -0.475636 0.458674 -0.387814 -0.656525 0.458311 -0.599104 1.25032
-0.255565 -0.213236 0.942983 -0.541891 -0.479335 0.874997 0.0679543 -0.326926 -0.839598 -0.434638 -0.32583 1.23098
-0.758879 0.0929406 0.644565 -0.486419 -0.266295 0.858947 -0.437376 -0.31943 -0.594297 -0.50356 -0.627087 1.21231
0.157198 0.128277 0.979201 0.104812 0.987566 -0.0190178 -0.15605 -0.0224945 -0.0013953 0.991556 -0.129671 1.08404
0.862124 -0.150445 -0.483847 -0.361483 -0.0768279 0.905051 -0.418305 -0.277782 0.500839 0.397804 0.768708 1.18974
0.591192 -0.342815 -0.730048 0.167926 0.545403 -0.4969 0.675001 -0.0980429 -0.594162 -0.797225 -0.106791 1.08671
0.277762 0.344912 0.896596 -0.578849 0.430448 -0.87907 0.204819 -0.920722 0.858815 0.329047 -0.392639 2.80328
0.687989 0.052374 -0.723829 -0.379439 0.286263 0.896935 0.336988 -0.325812 0.666877 -0.439049 0.602089 1.16789
0.445616 0.894752 -0.0290721 0.10823 0.799726 -0.412465 -0.436246 -0.0844157 -0.402324 0.171149 -0.899357 1.03131
-0.991617 -0.0987519 0.0833299 -0.52748 -0.127578 0.850508 -0.510254 -0.32647 -0.0204844 -0.516608 -0.855977 1.22961
0.423407 0.13943 0.895146 -0.524271 0.50723 -0.855178 -0.106717 -0.315318 0.750629 0.499229 -0.432811 1.24484
