0.947176 0.31457 -0.0624778 0.13466 0.248942 -0.843944 -0.47517 0.0460002 -0.202202 0.434516 -0.877673 0.969209
-0.94231 -0.334433 -0.0143262 0.137568 -0.277312 0.803903 -0.526154 0.0345541 0.18748 -0.491827 -0.850269 0.975232
-0.419673 0.891179 -0.172263 0.119842 0.86219 0.332073 -0.382565 0.0408339 -0.28373 -0.309076 -0.907727 0.972022
0.210889 -0.975105 -0.0685322 0.142817 -0.883592 -0.160172 -0.440011 0.0414123 0.41808 0.153348 -0.895373 0.968514
0.946469 0.316104 -0.0653807 0.134759 0.247345 -0.840351 -0.482318 0.0458187 -0.207406 0.440327 -0.873553 0.969362
-0.919252 0.359928 -0.159459 0.13449 -0.339987 -0.521658 0.782485 0.051516 0.198455 0.773515 0.601906 0.973034
0.964141 0.258676 -0.0593255 0.135456 0.199957 -0.855021 -0.478494 0.0462231 -0.1745 0.449473 -0.876084 0.96957
-0.593918 0.797583 -0.105461 0.128413 0.745984 0.496861 -0.443438 0.03656 -0.301279 -0.342038 -0.890079 0.973588
0.448298 0.893879 0.0031095 0.132924 -0.581671 0.289074 0.760326 0.0317477 0.67874 -0.342661 0.649535 0.977304
0.0350557 -0.899136 -0.436263 0.17681 0.828444 -0.218015 0.515898 0.0445051 -0.558974 -0.379505 0.737241 0.980722
0.381971 -0.795778 -0.46993 0.171986 0.768251 -0.00922949 0.640082 0.0368369 -0.513701 -0.605518 0.607832 0.988947
-0.347947 -0.935494 -0.0615063 0.143173 -0.836247 0.339353 -0.430733 0.0385221 0.423821 -0.098438 -0.900381 0.970539
-0.498529 -0.653163 -0.569953 0.0762038 -0.513669 -0.307043 0.801167 0.0862816 -0.698293 0.692172 -0.182441 0.990026
0.46868 0.803327 -0.36743 0.131338 -0.385172 0.560161 0.733391 0.0328228 0.794973 -0.202202 0.571955 0.979388
0.368014 0.808118 0.459903 0.102332 0.247287 -0.561866 0.789402 0.0285053 0.896334 -0.176783 -0.406612 1.02784
-0.069925 0.943286 0.324533 0.081881 0.61757 -0.214554 0.756686 0.111759 0.783401 0.253333 -0.567543 0.979315
-0.415478 0.89967 -0.134058 0.124898 0.843823 0.326195 -0.426097 0.038478 -0.339618 -0.290155 -0.89469 0.9731
-0.910778 0.347955 -0.222284 0.137123 -0.407701 -0.672748 0.617406 0.051004 0.0652881 0.652945 0.754586 0.96911
-0.420535 0.899763 -0.116522 0.126457 0.842497 0.339617 -0.418162 0.0388111 -0.336673 -0.274021 -0.900868 0.972664
0.0943414 -0.880045 0.465425 0.123982 -0.484334 0.367881 0.793778 0.0946504 -0.869782 -0.300308 -0.391529 0.98496
0.278652 -0.786284 -0.551462 0.113381 -0.382403 -0.617561 0.687303 0.0673931 -0.880977 0.0193617 -0.472762 1.00128
-0.178695 0.0261642 -0.983557 0.108912 -0.676653 -0.728986 0.103543 0.0841762 -0.71429 0.684029 0.14797 0.989629
-0.0553244 -0.798888 -0.59893 0.14948 0.798169 -0.39578 0.454186 0.0493081 -0.599888 -0.45292 0.659544 0.987862
0.0675002 0.862054 -0.502301 0.0799506 -0.678447 -0.329477 -0.656623 0.0299934 -0.731541 0.385107 0.562618 1.02266
0.0238708 0.546922 -0.836843 0.0885991 -0.104108 0.83389 0.542023 0.0521394 0.994279 0.0741833 0.0768446 1.00003
0.493318 0.784239 -0.376305 0.147158 0.494133 0.103372 0.863219 0.0780571 0.71587 -0.611786 -0.336523 0.987079
-0.932389 0.0904705 -0.34995 0.138161 -0.334238 -0.584374 0.739454 0.0518608 -0.137603 0.806426 0.575102 0.974992
-0.869386 0.484926 -0.0949432 0.133565 -0.456995 -0.715982 0.527755 0.051056 0.187945 0.502212 0.844074 0.968896
0.0115684 -0.766526 -0.642109 0.0858 -0.237842 -0.625831 0.742809 0.0756031 -0.971235 0.144127 -0.189552 1.00031
-0.0779139 0.371481 0.925166 0.19579 -0.624855 0.704902 -0.335662 0.0510488 -0.776843 -0.604247 0.1772 1.00255
-0.279576 -0.667363 0.690264 0.122499 0.25509 -0.744724 -0.616697 0.042991 0.925617 0.00366524 0.378445 1.01742
